6 4
2.2
0.932 11.789 12.343 12.052
9.285 10.451 10.486 5.799
13.463 15.979 5.510 10.191
3.386 8.219 12.165 21.223
9.869 2.597 19.742 9.812
5.955 12.504 6.482 4.589
14.878 2.183 1.057 3.378
5.122 10.736 3.876 12.779
1.488 24.667 15.817 7.861
5.731 4.531 3.201 6.299
16.474 4.542 3.640 5.651
2.918 12.909 14.917 1.953
10.129 2.281 17.425 1.321
10.986 12.726 12.427 1.630
6.439 1.638 1.507 5.622
2.922 8.923 13.058 12.372
1.819 1.375 0.014 6.475
5.019 20.076 21.066 6.342
10.846 2.450 6.448 4.079
13.630 12.205 15.732 18.543
1.449 10.049 0.833 1.132
2.335 7.293 7.345 23.834
1.938 8.983 2.168 2.791
15.146 5.896 5.603 13.948
8.180 3.731 11.422 10.978
3.737 2.359 2.127 6.777
4.746 8.557 6.753 4.138
13.428 0.501 8.422 9.092
9.671 9.561 2.630 6.356
20.631 11.033 19.753 21.772
27.937 10.145 2.235 8.182
1.397 8.674 9.567 3.431
14.865 17.635 8.184 5.010
1.097 1.936 2.092 4.603
22.170 11.021 13.044 12.148
8.638 2.262 2.896 10.794
4.512 1.864 5.592 2.566
17.168 4.442 5.105 0.757
2.861 1.379 5.658 4.095
0.508 13.560 3.817 3.592
11.279 18.586 4.605 12.928
1.310 3.239 8.110 1.182
15.159 7.489 5.628 10.081
7.539 15.677 7.461 4.689
10.534 6.682 7.470 11.525
3.464 15.458 0.040 1.066
3.022 6.184 14.622 2.688
9.008 13.953 2.777 1.015
4.614 10.246 12.199 3.335
5.614 3.385 15.522 11.561
8.449 2.112 12.100 1.928
4.427 9.188 0.940 15.208
4.063 8.611 12.453 18.011
1.571 2.843 1.673 1.894
5.605 5.564 6.756 1.161
5.251 0.429 15.547 12.716
3.687 9.040 5.202 12.084
10.984 16.535 11.043 2.205
22.942 8.690 0.598 10.929
2.187 4.715 6.856 16.236
5.827 9.025 5.938 18.382
1.779 6.585 14.208 0.635
5.715 5.563 11.523 13.434
0.433 10.861 7.800 2.713
8.024 4.741 9.265 3.034
11.474 0.505 9.500 10.374
29.358 2.844 6.394 10.955
12.993 11.253 6.312 1.311
5.165 6.966 3.668 9.666
6.936 0.464 12.821 1.745
5.603 9.279 0.809 2.169
12.824 15.036 14.071 9.213
8.704 5.777 2.198 15.566
4.882 14.947 14.831 16.285
15.848 8.513 1.959 7.859
15.563 6.933 7.101 7.466
0.426 11.105 18.954 10.875
15.192 9.539 1.431 2.107
6.975 2.457 3.683 4.277
7.421 5.587 14.436 15.593
4.910 9.813 12.113 0.112
2.359 8.423 4.495 7.177
9.542 8.422 1.272 6.229
18.425 18.942 2.005 3.963
2.354 6.171 13.278 4.141
7.886 12.707 6.800 4.142
12.354 18.196 12.449 0.237
5.765 14.245 7.596 1.648
7.388 1.745 1.988 19.165
20.629 5.230 0.602 4.213
3.572 5.793 9.942 7.450
14.142 1.127 1.956 10.048
1.155 2.517 13.566 4.614
8.517 7.617 4.762 7.706
0.101 9.641 4.951 11.216
6.077 5.756 2.353 6.581
10.378 13.086 3.947 15.036
2.179 21.180 3.129 11.592
8.571 9.020 14.771 10.326
8.294 14.146 6.492 8.896
2.240 16.526 5.832 8.430
5.081 9.457 6.088 4.161
6.630 9.307 23.245 0.358
19.230 16.995 5.143 9.364
7.405 1.430 9.664 13.302
25.544 12.855 9.470 0.483
2.716 2.291 0.617 4.117
3.324 10.491 3.628 4.419
11.189 1.186 13.912 8.600
5.112 0.359 3.758 2.731
8.665 10.781 5.312 22.385
21.910 10.732 3.039 1.133
6.933 6.262 5.161 9.340
3.208 9.521 1.246 3.157
6.889 6.852 3.544 30.710
1.683 22.467 5.074 12.443
11.510 23.246 13.093 13.613
14.616 3.287 4.359 1.061
5.451 3.556 15.184 4.221
1.229 1.646 12.767 14.551
1.555 4.220 9.242 24.885
9.421 11.622 2.680 5.300
3.835 0.989 1.473 0.508
24.406 0.265 12.593 1.095
0.710 16.997 7.587 14.786
10.539 11.342 3.432 6.219
9.175 4.298 19.537 5.242
4.099 12.704 4.211 1.447
4.460 16.553 6.002 4.229
12.081 1.421 7.647 5.347
27.244 3.279 18.459 5.239
2.909 12.679 17.205 11.671
7.647 8.210 2.128 14.376
7.011 1.202 2.386 6.282
6.988 9.938 3.900 4.897
22.623 6.129 17.982 17.367
19.727 5.519 1.550 16.912
0.409 10.105 2.413 5.730
4.490 10.311 11.954 1.329
1.212 3.399 7.419 10.451
10.651 6.308 4.570 1.269
5.117 13.929 3.064 7.845
8.142 11.354 24.688 4.641
2.083 1.157 7.389 5.997
4.297 28.183 4.620 20.005
6.784 3.818 0.195 6.899
14.577 1.887 11.400 6.170
9.111 1.886 8.507 5.149
5.331 1.353 8.435 7.694
0.194 7.359 8.580 3.305
2.851 1.140 18.259 1.570
2.063 10.907 6.195 15.089
1.371 8.315 3.503 3.122
9.797 0.052 12.631 17.253
1.614 3.140 14.945 1.376
0.067 23.845 8.868 3.082
6.688 20.450 10.270 7.636
16.526 7.800 0.094 20.977
10.402 14.746 12.115 6.424
1.995 15.974 2.210 15.502
3.860 25.427 25.397 17.594
11.307 10.633 2.035 8.552
0.922 13.935 12.103 0.824
1.819 3.609 8.087 2.643
4.332 5.057 0.332 18.190
1.786 2.781 8.633 15.643
9.391 8.317 4.955 11.114
2.993 5.014 2.069 12.652
9.464 8.701 0.358 16.842
7.613 1.491 14.795 15.023
5.225 6.353 9.244 2.215
8.295 9.857 5.890 7.411
0.403 19.109 0.217 3.577
18.253 9.662 5.409 14.281
16.126 4.070 1.345 0.831
15.747 5.238 7.017 8.393
8.242 12.828 10.282 7.880
8.682 1.741 11.770 4.208
6.864 8.547 5.128 5.775
5.041 17.597 11.064 15.015
8.039 5.362 4.744 13.367
22.051 6.888 7.812 20.840
10.432 10.857 0.227 12.607
0.365 13.304 1.000 5.797
12.339 2.458 1.090 4.859
9.010 0.930 11.260 6.688
11.292 8.027 6.225 0.304
5.666 8.976 3.980 12.163
9.986 13.550 10.679 1.967
9.683 8.988 17.186 15.562
0.261 1.807 17.163 3.043
9.260 12.998 0.636 3.891
4.152 0.008 5.398 2.696
3.883 1.778 8.106 1.105
7.298 0.249 17.681 2.970
1.723 7.073 5.409 2.283
15.923 5.877 4.266 3.882
14.896 14.409 9.294 11.350
9.329 8.583 7.846 27.796
15.945 0.191 15.792 2.361
2.641 6.331 6.470 0.045
3.829 4.226 0.613 4.744
6.103 1.662 5.717 2.196
7.321 0.362 2.166 5.789
4.598 16.755 4.875 10.285
18.076 20.829 10.267 9.072
1.994 9.541 7.801 7.231
13.041 3.051 0.963 0.038
4.910 14.414 15.141 2.022
8.884 10.607 12.940 15.924
0.494 1.032 4.740 10.495
11.777 15.803 0.956 9.607
3.665 7.497 3.499 1.154
13.644 5.484 0.471 12.854
2.301 3.285 3.404 8.233
6.743 3.260 3.904 9.211
26.417 12.384 2.386 5.031
10.547 25.063 15.107 6.941
14.987 5.041 7.538 2.532
13.768 10.364 4.280 1.132
2.567 3.502 17.136 18.629
21.654 6.273 7.024 20.609
0.969 6.732 7.438 0.489
16.774 13.467 26.616 2.139
4.456 13.915 5.137 0.798
13.156 3.776 8.362 1.125
5.644 1.568 4.407 19.445
3.847 8.723 23.088 4.455
10.498 4.523 22.503 10.020
10.566 5.840 11.113 11.283
9.570 2.066 7.794 2.588
2.911 6.091 2.234 9.455
16.087 14.307 6.434 6.152
0.276 2.231 9.744 11.917
13.286 6.855 5.185 4.238
7.434 9.516 2.120 10.809
1.959 2.137 6.220 18.337
9.204 14.772 7.827 6.723
3.457 5.290 11.200 8.586
7.427 4.978 13.223 5.347
11.546 7.913 15.467 3.464
0.983 2.918 3.728 0.950
5.061 5.011 24.099 11.098
16.609 9.412 1.603 8.739
5.388 11.662 11.917 14.131
7.838 0.411 10.852 5.160
5.526 16.661 19.578 1.241
22.526 5.931 0.602 3.063
3.355 8.829 13.500 6.900
13.266 17.825 14.472 23.035
2.279 3.464 7.341 1.046
19.977 1.337 4.967 4.784
3.080 7.024 19.127 5.913
1.440 6.367 0.670 4.075
2.690 0.416 4.880 3.287
7.032 6.141 0.147 0.653
7.384 34.311 23.374 6.479
1.101 12.864 1.826 19.482
15.375 5.239 5.036 1.502
11.591 15.459 8.867 10.868
22.442 8.225 3.682 8.509
14.367 2.113 10.583 7.576
10.103 9.825 3.810 5.044
10.387 0.705 1.778 8.788
6.777 11.441 6.288 5.754
13.037 9.400 13.206 5.517
0.924 5.365 1.650 4.187
11.270 1.191 11.777 4.369
29.129 10.788 3.029 6.165
6.059 6.049 2.579 8.382
5.910 14.669 4.395 4.259
4.399 13.664 2.564 8.905
11.681 3.879 0.135 5.941
14.003 3.317 13.927 9.424
5.780 3.715 10.250 0.210
0.144 4.955 5.495 1.659
7.156 5.217 8.971 11.327
2.814 6.772 15.613 1.486
14.589 2.322 4.434 1.010
4.466 3.554 20.172 4.515
7.377 2.986 4.762 4.903
17.652 7.366 1.320 5.113
17.758 0.817 0.916 0.341
15.070 7.589 22.478 5.985
9.936 1.638 11.171 6.935
10.957 7.014 8.274 0.115
2.540 8.309 2.333 7.308
2.619 10.238 11.785 10.532
12.334 17.005 7.294 3.814
2.600 11.212 5.111 15.678
1.189 12.809 16.910 7.070
2.366 12.306 6.492 10.960
0.644 18.625 25.447 7.256
2.556 6.578 5.149 8.799
13.854 2.087 3.841 5.512
6.892 1.935 8.201 9.312
5.940 11.950 3.022 6.285
13.268 4.557 4.671 22.922
1.532 8.809 10.374 8.959
12.362 9.518 10.666 2.896
8.163 18.097 6.820 0.029
4.371 4.015 18.807 1.163
2.668 0.843 8.213 15.503
12.060 2.091 4.369 19.554
22.098 3.216 6.447 12.486
14.857 12.557 2.185 15.862
11.274 0.995 5.190 3.568
7.724 2.145 4.998 8.359
12.239 3.657 11.308 0.559
12.082 2.580 7.394 23.950
10.650 2.603 26.110 1.341
5.562 1.231 9.755 6.854
7.929 14.512 9.169 0.657
2.672 11.371 0.634 4.928
3.046 11.582 7.498 6.851
2.226 9.558 3.596 1.297
3.892 4.191 0.245 0.770
5.383 14.357 20.639 3.436
3.974 14.125 13.227 0.513
10.487 17.894 10.664 0.447
0.607 5.534 7.821 9.802
6.094 19.729 26.845 4.656
3.795 15.049 2.809 8.503
0.417 8.431 19.684 8.736
7.398 11.752 2.984 16.259
20.903 6.408 1.261 10.380
23.023 0.988 6.411 1.023
17.134 9.437 19.464 12.590
8.922 9.960 1.111 2.540
2.452 5.132 4.317 8.555
10.251 9.904 14.555 12.967
4.504 6.591 7.764 4.131
21.542 14.170 11.090 22.205
2.059 14.896 10.940 2.321
5.047 4.946 7.222 6.987
4.046 4.609 2.058 11.353
9.364 1.392 14.184 1.291
1.006 2.115 3.242 1.416
1.389 2.180 5.947 10.844
4.483 17.030 11.530 4.290
4.556 0.530 4.957 3.452
9.678 3.797 0.155 2.397
31.631 7.830 12.034 15.247
7.930 9.331 1.845 3.334
7.282 18.331 7.640 1.011
0.920 4.442 6.993 7.868
15.786 11.219 2.905 5.556
1.377 2.651 0.088 14.066
3.803 20.172 14.401 4.169
15.428 2.613 23.520 16.726
11.112 2.452 3.689 2.415
3.660 9.886 7.144 6.102
18.253 3.521 14.217 0.158
5.211 2.627 17.344 3.717
4.091 3.448 2.361 25.866
11.744 12.019 5.124 1.282
20.484 1.783 7.530 7.981
4.409 1.310 6.404 0.524
10.081 22.773 10.545 11.046
2.633 8.719 7.878 5.996
11.059 9.549 6.524 19.008
8.136 6.881 9.593 0.448
1.366 8.531 8.931 15.587
6.072 20.228 4.458 8.053
7.860 8.815 11.685 14.700
3.516 2.477 4.298 5.665
16.428 9.391 4.091 1.786
6.984 10.848 7.211 1.392
10.505 0.643 2.354 3.198
5.230 9.227 16.228 0.757
0.713 10.754 10.631 9.592
1.018 14.232 8.073 4.448
4.608 19.170 2.167 5.585
9.525 1.254 5.853 6.691
3.496 3.597 1.179 22.729
2.229 11.682 14.955 5.222
11.622 20.337 8.970 20.607
5.698 0.041 8.662 5.223
14.456 3.155 2.428 5.864
11.903 9.378 6.860 2.168
1.208 16.840 5.235 5.002
1.360 0.665 20.827 18.800
27.594 9.305 1.504 19.559
7.951 10.316 16.502 9.800
1.000 5.972 0.007 14.468
5.398 1.474 2.916 5.057
13.603 3.907 4.711 7.410
0.272 19.315 1.809 1.322
6.142 0.452 0.018 3.716
22.111 7.684 10.142 4.247
1.495 3.940 2.472 6.408
2.572 7.945 2.463 15.056
6.930 7.265 2.131 4.807
0.249 5.773 2.152 28.244
3.769 1.027 4.342 20.014
8.918 5.417 3.423 2.331
4.331 19.192 3.737 5.503
1.105 5.141 12.329 1.534
5.013 3.014 1.921 4.923
0.608 7.019 5.341 2.005
4.130 2.959 7.582 3.755
11.460 2.909 7.546 1.638
8.829 0.136 1.371 6.814
3.646 9.622 16.365 4.887
11.693 12.769 6.043 9.658
1.610 9.052 9.092 5.210
5.587 9.356 2.358 12.124
1.691 11.349 11.448 8.905
1.685 5.564 2.832 12.077
4.409 11.650 0.012 10.357
6.604 0.012 7.677 9.115
4.390 0.239 4.218 13.597
3.718 21.098 9.286 4.383
1.251 0.312 0.757 12.812
5.363 8.350 15.137 2.177
9.027 1.373 12.249 18.227
15.603 31.744 1.068 2.621
17.871 0.462 6.129 14.138
6.363 1.506 19.253 2.416
4.261 12.060 8.883 18.685
4.125 20.349 1.603 13.108
2.489 7.709 8.331 0.756
3.966 2.523 7.355 18.041
4.761 9.832 0.567 8.935
14.593 5.207 11.947 4.565
8.835 12.897 2.094 4.041
2.637 1.018 19.733 4.534
13.883 19.839 3.682 6.674
4.169 11.171 1.777 6.300
0.165 10.267 18.255 17.567
5.168 8.157 2.385 11.846
2.495 0.294 0.086 5.679
14.864 5.473 0.475 14.114
16.427 2.919 4.481 14.615
4.814 5.865 0.574 0.175
2.932 3.240 4.709 5.588
15.144 22.195 6.204 12.048
6.358 8.889 6.558 2.814
0.185 0.356 3.108 4.904
3.908 6.471 17.691 3.584
3.396 10.327 10.263 3.616
6.994 14.615 13.153 12.806
13.304 8.621 18.827 1.096
4.177 2.892 0.586 1.634
4.157 2.777 0.255 10.478
8.595 13.073 11.999 4.791
4.586 4.768 0.951 5.931
17.691 17.148 1.225 3.798
12.737 8.981 13.450 8.173
5.081 10.782 2.140 9.400
11.909 13.495 8.101 10.167
13.015 5.772 6.300 17.556
2.589 6.348 3.785 14.022
5.064 0.406 5.124 4.006
5.636 2.115 3.166 2.022
12.151 4.712 11.394 5.339
3.463 4.386 18.119 3.129
2.852 3.334 10.165 0.703
0.605 0.489 3.365 10.327
2.283 10.100 25.557 2.126
16.015 2.015 3.728 7.821
7.665 1.516 6.191 11.756
4.687 2.194 2.030 6.362
2.591 1.312 11.306 10.447
17.586 12.029 4.388 0.620
7.919 10.202 16.835 8.487
8.335 0.836 0.964 8.099
0.959 7.956 2.086 4.448
1.423 23.017 8.388 3.985
8.491 13.415 16.616 2.089
10.060 6.514 10.010 1.032
3.280 0.721 8.447 5.703
9.752 16.401 6.526 2.251
2.166 3.691 11.574 4.190
5.501 0.640 6.891 16.326
2.785 2.993 5.180 11.900
14.992 12.137 12.616 9.447
7.095 5.005 2.900 4.409
12.816 5.629 4.867 0.746
6.463 1.741 24.567 16.868
3.483 0.369 11.669 7.719
17.189 1.491 2.121 0.929
11.037 3.372 5.616 1.499
1.902 8.113 5.947 4.037
10.351 27.121 7.394 0.495
16.461 1.377 1.330 3.244
11.689 3.534 5.257 13.283
2.818 11.419 17.616 1.143
3.247 8.550 3.240 5.402
17.214 14.213 9.768 14.476
8.522 5.830 1.750 3.989
3.773 18.334 4.006 15.169
22.665 10.432 12.755 0.392
16.644 17.474 12.304 3.766
14.967 13.651 6.842 0.559
0.373 10.688 12.702 10.057
8.239 7.315 9.673 1.681
4.401 17.090 7.669 6.534
3.331 16.849 8.564 11.995
4.598 1.561 2.153 11.937
2.276 1.422 9.076 1.932
6.513 18.366 8.018 0.801
1.488 6.325 0.717 14.308
9.628 15.787 3.071 13.113
2.018 16.438 4.084 4.892
2.269 9.697 0.145 3.674
12.296 4.349 0.979 3.398
0.610 17.031 5.404 4.206
21.357 5.346 14.282 11.408
15.817 9.482 4.048 11.765
14.181 2.480 1.660 9.271
5.363 0.675 4.122 8.552
4.944 10.220 4.086 14.331
1.845 8.694 12.197 8.745
4.781 4.230 0.148 11.696
2.464 7.445 3.862 1.503
4.859 8.253 42.381 22.579
14.463 1.023 13.211 3.506
15.017 27.641 0.501 7.389
14.446 0.844 16.944 8.522
10.900 6.656 10.339 22.737
1.381 15.062 2.020 10.175
9.474 9.596 0.808 5.634
3.056 4.172 7.040 6.213
1.899 12.824 0.645 11.088
6.543 7.132 11.924 6.736
6.239 5.647 11.909 13.360
3.990 6.022 11.225 2.980
12.269 8.304 0.665 9.411
8.706 7.561 6.444 10.217
5.721 13.925 12.818 2.391
3.314 8.245 4.474 4.818
6.965 2.259 2.856 9.507
14.905 6.821 7.068 13.261
15.903 1.194 16.797 14.235
2.500 7.190 3.075 19.400
3.058 7.671 0.007 5.337
14.243 8.429 11.839 2.643
4.410 1.316 5.463 6.597
21.119 22.710 12.567 3.743
12.470 16.771 20.303 18.617
1.324 4.979 4.751 9.052
2.224 9.898 4.613 3.339
15.500 8.229 0.539 2.286
6.002 2.441 3.554 1.876
6.106 6.286 8.095 5.229
5.341 2.713 9.966 4.393
12.290 5.672 6.566 8.907
13.413 6.941 12.455 2.510
7.172 9.255 5.343 11.977
9.393 10.528 3.371 2.327
1.152 18.774 12.851 1.770
0.463 2.464 7.530 21.497
0.862 16.218 2.034 12.524
15.503 9.709 14.234 6.557
2.701 16.507 3.362 13.456
10.696 7.798 2.490 5.912
9.532 8.432 11.147 4.990
4.468 4.281 19.040 10.565
7.642 10.598 4.383 10.430
12.592 14.250 5.073 5.323
1.486 7.753 3.000 2.271
5.404 15.077 6.946 4.807
2.341 5.293 5.224 7.690
9.606 14.940 11.670 7.176
3.674 20.693 1.153 3.333
1.946 2.182 5.896 2.685
5.677 17.982 19.274 7.336
6.413 1.488 5.873 9.126
0.619 2.048 7.491 3.616
7.646 13.631 0.471 4.875
10.093 4.870 1.946 7.352
3.697 1.297 11.392 0.507
4.240 1.532 11.543 2.995
16.522 7.358 6.253 2.774
11.638 27.071 14.297 1.896
1.582 15.316 6.176 21.123
12.366 2.955 7.148 6.996
24.959 3.165 3.656 11.776
5.565 4.220 10.183 11.869
18.726 4.143 9.617 7.737
3.449 12.635 13.129 11.114
9.573 5.215 17.270 23.816
0.784 4.289 15.104 5.805
19.723 2.678 9.033 4.842
7.535 7.681 11.145 4.358
0.682 0.997 8.839 3.585
4.613 0.729 1.597 2.274
6.559 3.514 1.861 12.894
10.990 1.481 9.166 12.675
1.750 5.959 7.587 23.141
8.379 7.024 2.710 1.134
2.736 13.933 7.180 7.341
4.798 9.678 5.811 12.790
9.996 0.453 3.827 6.437
0.256 12.500 30.309 12.235
13.493 15.688 4.404 8.772
11.834 13.718 5.321 14.726
7.952 7.401 3.225 19.031
6.620 10.741 8.935 14.365
14.866 1.776 17.103 5.176
7.857 2.746 1.357 12.724
2.630 11.133 1.247 7.051
5.681 6.772 7.012 14.983
9.482 3.383 2.800 11.953
2.902 27.587 11.191 13.957
11.508 8.172 5.166 8.677
10.531 0.624 2.707 10.654
1.505 1.903 11.785 9.332
11.650 7.137 5.970 8.330
5.406 9.782 9.662 11.551
6.058 14.998 2.003 10.234
10.078 7.345 6.255 7.117
0.594 2.925 6.239 21.281
10.734 7.343 10.310 10.785
27.271 19.409 0.151 4.228
14.891 3.213 16.049 7.629
13.804 10.574 5.886 6.470
19.832 8.416 3.253 8.122
1.390 7.535 2.256 15.708
4.649 6.315 3.258 8.994
0.457 3.257 8.365 10.931
9.853 3.727 3.638 2.231
3.010 11.808 0.267 2.151
2.919 8.745 15.573 0.321
12.387 10.837 14.784 4.163
20.177 11.747 12.574 5.005
2.114 6.244 6.443 24.914
8.361 1.730 5.852 6.180
6.187 17.852 5.968 6.241
8.186 0.169 9.213 4.415
6.073 8.834 3.673 1.588
14.443 2.793 12.847 5.231
4.963 5.429 11.507 4.230
5.202 14.920 1.746 23.437
8.282 13.013 21.792 9.230
6.989 6.308 8.909 13.563
8.044 8.652 17.696 3.440
4.887 0.761 5.598 6.013
7.870 6.091 0.001 10.057
9.856 21.182 5.946 9.015
21.759 8.122 8.465 2.615
23.162 11.149 6.548 2.606
2.564 0.330 13.611 5.333
10.105 11.183 5.914 0.728
2.566 3.805 5.888 1.516
0.112 4.762 6.605 0.283
5.210 3.289 3.691 12.192
10.741 1.217 0.367 11.133
9.278 7.840 11.802 12.914
2.147 9.990 5.446 8.033
5.326 0.733 0.194 2.006
7.482 0.681 8.633 9.634
8.164 5.367 11.279 9.695
19.020 1.655 9.187 2.466
2.446 3.892 7.173 4.462
13.271 5.987 2.548 6.654
15.592 1.559 1.159 6.155
4.917 10.162 7.366 20.801
17.085 8.078 7.716 12.346
6.503 7.165 9.418 22.999
1.323 4.556 7.160 9.443
4.965 7.740 21.714 0.764
3.792 0.213 3.332 16.149
8.424 2.712 6.979 15.358
2.927 13.119 3.524 4.817
16.065 1.791 2.207 2.719
14.156 0.250 2.574 4.548
15.154 2.372 14.672 8.982
0.786 2.794 3.246 5.363
18.265 3.808 4.555 6.880
1.540 10.324 13.486 14.341
5.592 2.099 1.991 5.434
11.329 4.768 4.792 4.113
1.749 5.154 6.645 10.482
2.504 24.195 15.208 9.853
2.202 6.658 6.209 22.788
1.640 2.013 5.156 4.468
7.088 5.458 4.003 7.123
7.040 0.218 0.410 4.490
6.836 11.820 1.683 25.404
0.126 9.483 17.640 2.044
9.375 0.692 9.618 2.976
10.185 4.776 15.407 1.746
8.144 12.587 9.461 7.675
4.999 9.776 16.900 7.587
19.033 20.582 1.005 0.091
2.802 16.487 4.527 2.293
5.505 6.090 2.938 8.581
2.955 7.080 18.264 4.871
21.815 7.708 0.817 1.286
2.943 12.730 3.637 13.912
9.201 13.903 16.122 13.613
23.007 4.492 12.710 16.103
13.581 3.880 4.115 10.142
5.192 0.788 0.154 5.464
1.127 1.748 15.979 10.290
5.410 6.472 8.721 6.181
14.493 0.570 19.114 2.806
19.202 9.581 13.623 2.271
14.054 15.334 5.262 4.352
2.798 10.398 2.297 18.879
9.512 8.123 6.926 14.803
11.588 5.111 30.284 12.212
8.677 4.607 18.335 3.932
0.138 5.676 2.193 8.494
3.338 3.188 5.429 4.449
12.224 9.751 7.891 5.077
4.172 17.337 18.045 9.649
4.699 7.122 16.676 12.388
5.887 15.593 8.955 3.070
6.571 20.439 2.270 2.690
21.250 5.841 13.464 3.524
7.540 6.138 7.017 11.566
3.607 4.111 7.526 6.940
20.703 17.215 12.877 6.605
3.541 9.266 2.962 20.797
7.834 0.325 4.353 1.591
9.388 12.442 13.273 3.591
13.457 7.247 1.616 7.551
1.111 5.326 2.925 26.586
1.603 3.881 18.097 15.113
13.887 11.275 1.009 7.283
8.780 24.442 6.971 12.877
13.266 3.240 2.732 1.922
1.282 0.550 13.527 6.143
1.232 4.415 1.356 1.748
11.565 4.472 13.716 20.093
6.831 8.348 12.398 0.344
6.162 16.399 13.859 1.239
11.864 8.562 2.821 5.516
9.083 1.923 4.115 1.237
4.200 10.088 0.012 12.154
15.573 6.865 16.206 5.128
5.503 10.891 4.896 10.280
7.515 4.063 9.447 3.638
2.755 13.948 5.179 15.445
0.433 11.568 3.240 29.568
4.233 8.063 10.979 9.525
2.449 0.078 12.247 8.419
15.338 7.924 7.938 1.417
7.868 3.455 0.123 12.292
11.800 4.949 10.671 18.402
4.750 19.032 14.345 8.620
11.692 18.064 7.066 14.333
24.993 1.846 5.155 21.803
1.332 5.914 3.915 6.690
11.996 4.652 6.995 1.557
8.705 3.133 4.672 5.043
8.393 1.144 5.069 4.638
1.904 0.300 10.075 6.708
15.799 7.194 3.482 1.861
8.097 9.640 23.078 11.772
7.516 9.202 0.486 2.771
1.459 1.844 0.255 1.099
1.772 8.717 7.728 10.333
4.960 15.819 15.088 0.750
14.284 17.192 2.555 15.795
5.993 3.968 2.578 14.059
13.566 6.781 4.873 7.924
8.907 4.002 5.471 9.499
6.477 16.883 11.147 13.884
1.297 3.573 8.969 21.306
7.883 10.427 15.034 26.154
4.798 6.838 14.985 19.004
4.970 12.799 2.689 19.453
7.334 0.033 2.807 9.833
11.886 10.015 7.639 6.645
6.610 7.895 16.910 8.100
3.562 1.266 7.707 4.664
8.001 16.285 12.855 1.478
2.385 0.968 24.896 2.169
1.303 20.895 9.797 8.937
2.807 0.307 9.929 4.524
2.480 9.931 7.365 18.544
10.803 13.064 10.584 18.950
4.827 9.342 7.778 1.668
10.874 10.929 9.954 11.769
8.927 8.068 9.304 0.442
2.195 4.893 0.120 7.435
2.600 14.371 1.787 8.606
2.642 2.408 12.336 14.244
3.988 5.193 14.400 21.688
10.756 16.700 1.812 0.630
22.716 9.393 17.020 6.831
17.365 13.691 0.393 8.973
15.540 4.109 14.006 7.153
12.502 9.975 5.756 4.134
4.234 13.797 2.384 1.617
14.661 2.047 1.568 7.621
10.958 2.225 5.603 8.930
6.355 6.083 8.005 24.102
14.740 3.472 15.638 10.909
6.677 7.359 12.368 17.800
6.294 8.270 7.898 1.758
20.271 5.736 5.717 15.585
8.108 3.005 14.322 18.705
4.593 7.008 8.819 7.705
6.544 0.122 27.264 0.552
3.332 4.716 2.807 12.998
11.473 4.408 12.211 6.204
7.139 10.245 10.177 9.132
3.460 5.074 11.677 11.459
0.635 25.486 13.198 9.856
8.620 0.397 6.256 7.709
8.880 2.516 8.359 6.343
4.830 15.873 0.284 5.079
0.629 21.149 14.783 1.822
8.953 5.057 16.482 7.552
9.126 4.058 3.176 9.911
1.253 5.386 11.427 4.945
4.233 9.505 4.118 9.269
0.164 0.923 4.582 22.374
14.728 3.941 2.357 1.402
0.799 11.041 23.192 4.591
15.170 4.958 9.330 6.290
10.417 10.172 6.754 5.983
5.552 5.614 3.345 5.243
5.006 2.971 2.700 5.340
2.994 12.455 4.433 2.320
12.995 8.177 7.521 3.789
5.513 20.523 11.416 10.568
16.213 4.176 0.077 17.255
11.020 13.565 3.036 1.822
3.217 11.787 7.205 3.319
17.775 1.376 5.473 13.358
7.982 1.433 11.031 6.995
0.819 18.825 14.038 4.897
6.764 7.511 0.237 10.938
13.663 11.972 12.199 15.605
3.104 8.444 21.237 29.158
5.562 11.121 2.437 10.143
8.363 9.791 4.872 2.630
7.866 11.495 3.755 6.917
1.501 9.064 3.605 16.886
1.651 6.902 12.077 9.875
6.771 11.537 8.320 8.631
0.856 3.944 0.801 15.597
4.531 25.280 5.260 4.898
11.275 11.285 6.567 3.715
1.682 3.403 2.382 1.291
5.352 7.687 1.032 7.888
11.417 1.476 12.347 4.904
5.786 7.679 8.938 9.257
9.594 8.464 5.389 9.066
2.076 20.937 15.365 8.541
13.781 7.253 4.021 10.135
9.312 0.354 2.964 5.266
3.567 3.884 9.725 5.371
10.343 0.440 4.814 2.462
1.209 3.540 1.088 16.049
4.559 2.338 7.316 7.317
8.291 4.986 9.867 4.398
7.619 9.485 12.186 12.047
3.449 9.242 0.919 10.354
0.923 9.974 8.854 3.893
4.766 6.528 17.228 19.754
6.209 7.983 3.460 13.472
0.321 0.729 9.537 5.347
13.155 2.126 14.284 7.354
7.256 10.290 2.578 1.545
1.459 3.674 4.115 4.867
5.665 4.892 2.973 12.695
5.122 6.021 16.928 3.917
3.458 5.391 7.973 6.223
4.475 7.101 5.770 0.237
1.513 8.679 3.605 10.953
13.647 18.081 1.018 4.190
0.901 5.333 12.833 1.673
5.680 5.218 1.783 11.017
10.113 4.200 6.390 2.145
12.443 9.025 3.320 12.734
14.965 2.756 2.330 3.383
3.105 9.160 12.522 11.649
1.132 2.243 4.482 23.585
7.919 2.657 1.030 15.185
12.886 1.579 4.689 2.062
2.938 1.455 0.962 0.718
2.971 19.045 4.916 0.023
16.167 5.170 10.071 2.067
6.523 18.925 2.090 0.639
11.798 8.755 5.018 4.628
5.640 14.749 11.726 10.544
8.659 5.515 1.284 1.214
3.121 0.478 2.960 1.285
3.278 22.245 2.109 15.138
0.737 12.106 2.219 1.994
6.591 3.616 5.498 23.690
4.257 8.300 1.807 0.152
12.235 23.046 8.478 18.022
7.897 8.575 7.141 6.202
9.482 5.951 3.572 10.266
2.077 0.152 8.367 8.693
1.114 5.693 7.634 14.215
15.334 11.321 4.831 2.818
20.439 5.278 16.497 3.148
7.249 0.186 6.529 7.748
11.200 5.956 6.212 9.878
5.908 17.485 6.095 3.162
7.144 5.486 20.324 11.461
3.095 3.914 1.126 3.693
4.068 4.494 14.726 10.073
13.345 1.590 2.640 2.418
5.184 1.874 3.713 6.219
14.444 15.192 25.884 1.041
3.480 27.413 2.247 5.144
11.431 17.093 9.334 16.068
15.150 7.762 7.023 18.367
12.761 16.837 11.870 3.845
2.372 25.862 15.202 32.830
3.490 4.085 1.107 3.902
9.608 0.734 0.177 8.686
1.946 12.522 10.766 9.928
1.324 5.245 4.325 3.262
22.473 3.806 16.025 19.877
8.428 17.364 2.637 18.913
10.155 0.854 12.127 5.170
1.357 16.579 3.088 6.124
19.837 1.230 9.432 8.706
9.780 4.967 5.320 5.024
12.419 10.017 2.792 5.230
13.337 4.945 6.918 9.981
0.739 1.847 9.372 6.730
24.979 4.129 0.157 23.285
6.768 7.276 10.433 9.390
2.111 18.053 0.811 1.510
1.691 9.079 18.970 22.410
5.131 1.251 3.513 26.718
12.117 0.510 15.413 1.876
1.916 3.495 2.665 10.919
4.629 10.695 1.878 2.382
1.258 8.775 1.996 9.884
20.155 16.216 1.568 3.257
11.646 1.985 1.548 13.801
0.732 3.553 0.689 2.277
3.215 4.227 4.354 4.431
2.214 6.344 11.863 9.254
1.865 5.957 0.158 10.145
6.389 17.413 10.561 9.239
10.505 5.071 18.118 1.524
17.937 13.587 18.608 4.189
16.167 4.877 3.015 3.650
20.619 2.754 0.356 8.150
8.564 4.713 1.446 1.950
0.699 10.867 2.891 3.435
15.099 7.346 2.056 21.035
8.316 3.951 3.491 13.836
4.113 13.736 2.753 3.106
3.648 7.487 6.534 5.756
2.830 12.090 4.535 17.812
5.005 7.542 5.248 9.793
0.733 9.298 12.089 3.220
0.219 0.188 5.244 13.135
9.686 5.664 0.380 14.331
9.347 4.400 1.075 0.740
6.330 4.834 10.960 10.332
10.556 11.098 9.533 4.904
11.153 3.992 2.299 4.545
2.670 2.353 10.072 15.448
6.089 11.135 0.352 12.678
1.505 4.507 4.039 5.393
5.021 15.899 6.629 16.815
10.036 6.113 8.358 5.486
2.599 10.007 14.523 11.148
4.898 9.495 13.371 9.123
1.762 6.780 21.789 2.495
7.885 5.694 11.462 0.307
12.019 2.022 11.910 9.859
4.478 3.532 15.713 16.192
12.341 1.112 8.424 3.829
15.203 12.266 3.271 8.310
0.008 1.777 15.535 25.548
7.535 4.707 14.995 9.936
8.073 4.881 12.014 6.267
9.120 7.060 7.798 0.320
14.371 5.520 10.082 12.968
0.871 0.819 13.328 5.679
5.848 13.155 0.725 5.778
17.930 6.879 7.189 2.119
8.463 5.589 8.252 13.834
0.127 1.404 3.674 3.548
6.185 2.880 9.022 2.062
1.637 3.669 1.604 22.123
0.887 15.488 3.993 7.033
21.285 20.742 8.119 10.386
16.749 5.659 4.952 18.463
15.159 9.150 8.561 10.930
0.010 12.434 6.198 5.832
13.623 11.667 1.632 10.777
8.330 9.081 5.356 2.255
1.963 0.463 17.745 12.418
8.116 7.016 4.008 4.082
3.047 16.621 5.379 4.303
5.438 2.366 5.140 18.469
14.702 5.873 1.846 10.311
1.138 1.465 8.021 7.807
13.386 8.016 10.908 2.333
14.475 6.094 4.040 7.758
24.750 1.253 7.358 11.029
2.173 5.143 16.514 6.394
13.026 2.567 10.832 4.995
1.275 12.999 9.544 19.576
4.150 4.571 8.159 4.067
6.669 4.515 4.186 6.777
1.582 24.278 2.474 6.237
6.839 3.619 0.773 18.216
4.232 1.401 7.346 2.770
6.479 3.139 5.411 16.744
11.392 5.208 11.395 9.080
5.143 2.327 7.791 2.357
17.655 9.129 19.525 8.431
7.455 6.085 14.441 3.202
13.667 5.947 12.765 12.239
0.953 5.516 8.493 4.873
4.493 19.188 2.529 0.351
7.502 14.915 8.013 18.660
1.591 8.687 4.980 6.911
10.086 1.278 28.095 7.653
3.139 0.061 1.436 17.212
2.538 8.805 4.325 8.142
3.459 0.421 8.481 16.110
8.285 13.119 0.706 9.254
16.864 0.553 4.468 1.328
14.381 0.422 13.244 12.455
0.036 6.868 5.624 3.603
5.674 3.033 2.508 1.002
8.308 17.982 4.785 15.524
26.154 3.726 4.969 4.327
0.012 3.513 18.335 3.969
4.947 7.047 4.052 15.760
7.100 7.940 5.972 14.338
0.150 0.275 16.682 5.515
2.175 10.999 16.005 0.288
9.284 5.088 10.406 2.650
15.335 2.542 7.405 6.486
5.923 1.078 8.077 17.040
10.439 8.884 1.435 13.988
16.669 1.796 15.473 4.777
3.833 6.054 14.396 3.302
13.153 0.257 8.959 14.504
10.894 10.802 1.553 0.425
17.822 5.726 1.567 7.317
3.736 7.042 0.295 2.626
2.441 4.748 5.122 5.508
9.018 1.610 13.233 5.632
14.812 21.146 2.528 3.404
3.963 9.788 16.232 9.348
6.955 16.740 12.585 2.091
28.819 2.401 19.733 0.447
3.236 1.667 1.099 5.982
7.147 7.288 10.774 9.946
2.106 4.962 0.878 12.047
12.108 12.036 1.739 7.639
4.350 5.938 6.893 2.632
3.618 8.061 11.120 1.839
2.291 2.135 6.081 6.642
0.044 9.954 11.837 3.986
0.647 13.495 2.117 11.163
2.393 11.605 5.429 11.203
5.715 18.654 5.509 3.858
2.004 21.573 1.125 5.856
2.036 11.180 4.702 5.462
13.299 4.163 4.648 3.078
6.243 3.569 8.230 2.273
12.284 7.639 3.590 0.777
2.548 12.368 1.051 15.380
1.520 3.067 10.525 2.716
4.876 3.847 6.094 9.502
6.389 5.209 14.899 6.348
2.822 12.186 11.144 3.212
5.938 10.566 10.341 4.506
0.610 15.420 4.868 2.762
6.905 15.587 12.191 7.167
7.675 9.449 2.892 6.810
19.442 1.690 0.157 1.930
18.780 8.544 8.690 1.743
0.878 4.649 4.442 0.283
11.309 12.735 2.167 0.308
7.428 23.084 5.738 0.386
15.497 4.004 3.302 6.350
2.013 18.620 15.795 17.933
4.559 17.136 2.106 17.282
4.158 7.527 24.220 13.411
15.211 7.765 23.525 7.553
10.034 0.035 8.565 6.503
3.940 7.388 4.433 4.090
3.097 2.060 27.242 6.828
8.479 18.372 13.313 16.901
18.858 7.095 0.639 2.458
15.357 9.295 5.644 16.555
4.023 14.223 1.188 9.483
0.004 4.409 8.266 7.713
5.319 2.335 4.179 14.000
1.889 3.238 19.000 13.882
22.160 20.829 11.480 10.725
3.902 9.490 10.404 6.355
3.112 9.756 1.230 8.147
14.446 21.434 4.902 2.038
6.139 5.851 0.446 10.665
12.808 21.177 21.317 1.658
5.750 1.252 8.994 1.389
9.579 15.279 3.898 3.374
11.783 11.844 5.531 16.209
2.003 4.990 15.645 1.542
3.902 8.680 8.237 6.220
11.323 3.594 13.578 7.864
1.010 12.698 7.095 6.837
22.724 6.949 8.577 10.663
3.423 5.715 5.189 13.473
10.124 0.437 3.778 1.834
7.753 4.817 14.719 9.724
7.114 10.200 8.078 5.574
3.313 4.010 5.993 7.459
5.880 6.840 6.554 11.308
5.824 2.270 0.893 5.407
7.669 21.118 16.132 3.825
5.303 15.944 1.331 22.074
4.091 1.677 7.676 1.877
1.702 12.421 12.178 1.013
7.585 8.630 3.551 6.780
5.610 6.081 14.433 10.270
2.336 1.557 5.255 2.402
1.456 20.431 4.524 10.708
6.252 5.734 19.319 4.028
0.294 0.154 6.831 10.258
17.546 9.568 9.857 4.023
10.139 11.137 14.229 4.874
2.839 3.096 2.320 4.204
15.091 13.584 2.154 3.213
9.294 1.449 6.704 15.919
10.375 12.883 0.904 3.840
10.359 11.529 1.355 12.587
7.494 11.760 2.601 10.963
9.197 5.302 0.218 4.922
6.739 19.994 3.450 5.811
10.587 1.314 18.998 4.769
21.026 15.312 7.321 0.803
0.604 3.786 7.360 8.851
12.178 0.448 0.958 7.466
6.791 2.794 7.678 11.435
4.791 1.059 9.142 10.826
4.329 7.766 2.654 12.974
14.601 1.563 5.129 12.602
8.325 20.910 2.128 5.301
4.262 0.130 13.309 20.413
13.176 8.276 7.159 4.264
3.691 10.886 8.182 2.762
0.088 7.880 0.307 7.429
4.025 0.025 0.136 5.655
0.115 7.685 11.073 11.952
7.711 0.398 19.976 2.996
19.508 19.450 0.274 2.741
5.909 11.679 10.271 15.271
2.550 14.652 7.457 0.707
4.424 5.202 1.554 1.513
5.323 9.700 11.114 10.812
2.920 12.939 3.830 8.782
5.800 1.273 1.790 8.444
7.059 2.870 0.332 0.637
6.821 7.127 3.870 9.802
6.589 5.028 14.761 2.785
5.808 16.495 5.166 6.761
1.118 10.801 9.882 5.774
8.794 4.466 11.084 18.936
4.340 5.856 7.548 2.583
1.636 13.641 11.569 9.889
15.714 15.943 3.250 3.718
10.147 3.969 5.751 1.866
10.069 5.465 6.877 15.888
16.710 7.065 6.202 3.176
14.093 2.123 7.991 9.616
8.542 16.719 32.281 6.442
20.338 2.562 12.408 2.718
4.798 6.412 12.818 13.267
13.315 1.058 4.995 1.346
4.909 1.120 27.519 6.464
14.231 3.778 26.390 6.936
15.687 1.506 18.753 10.655
